thetapi=1.5;
thetah=0.6876716302866919;
thetaf=0.4165194853479622;
theta_star_bar=0.3689780942546889;
xibh=0.001537577986008842;
xibf=0.003305544492055001;
xib_star=0.003887141884735823;
gdp_bar=1.098545107881494;
g_bar=0.1243211683665464;
g_star_bar=0.08605100264688074;
